{
 "cells": [
  {
   "cell_type": "code",
   "execution_count": 4,
   "id": "92cf0b63",
   "metadata": {},
   "outputs": [],
   "source": [
    "import pandas as pd\n",
    "import numpy as np\n",
    "import os\n",
    "from os import listdir\n",
    "from os.path import isfile, join\n",
    "import json\n",
    "import altair as alt\n",
    "from altair_saver import save"
   ]
  },
  {
   "cell_type": "code",
   "execution_count": 5,
   "id": "94dded8e",
   "metadata": {},
   "outputs": [
    {
     "name": "stdout",
     "output_type": "stream",
     "text": [
      "# Number of BUSTED json files 25\n"
     ]
    }
   ],
   "source": [
    "WD = \"/Users/user/Desktop/v.03-Results\"\n",
    "\n",
    "#PATH = os.path.join(WD, \"output\")\n",
    "\n",
    "PATH = WD\n",
    "\n",
    "JSON_FILES = [os.path.join(PATH, file) for file in os.listdir(PATH) if file.endswith(\"_BUSTED.json\") and os.path.isfile(os.path.join(PATH, file))]\n",
    "\n",
    "pvalueThreshold = 0.1\n",
    "\n",
    "print(\"# Number of BUSTED json files\", len(JSON_FILES))"
   ]
  },
  {
   "cell_type": "code",
   "execution_count": 6,
   "id": "685611a1",
   "metadata": {},
   "outputs": [],
   "source": [
    "def get_JSONData(json_file):\n",
    "    if os.stat(json_file).st_size == 0:\n",
    "         print('# File is empty:', json_file)\n",
    "    else:\n",
    "        #print('File is not empty')\n",
    "        with open(json_file, \"r\") as in_d:\n",
    "             json_data = json.load(in_d)\n",
    "        #end with\n",
    "        in_d.close()\n",
    "        return json_data\n",
    "    #end if\n",
    "#end method\n",
    "\n",
    "def num_selected_sites(json_data, pvalueThreshold, Positive=True):\n",
    "    columns = json_data[\"MLE\"][\"headers\"]\n",
    "    headers = [x[0] for x in columns]\n",
    "    \n",
    "    data = json_data[\"MLE\"][\"content\"][\"0\"]\n",
    "    df = pd.DataFrame(data, columns=headers, dtype = float)\n",
    "    df[\"omega\"] = df[\"beta\"] / df[\"alpha\"]\n",
    "    df_results = df[df[\"p-value\"] <= pvalueThreshold]\n",
    "    \n",
    "    # boolean\n",
    "    if Positive == True:\n",
    "        positive_sites = df_results[df_results[\"omega\"] > 1.0]\n",
    "        return len(positive_sites)\n",
    "    elif Positive == False:\n",
    "        negative_sites = df_results[df_results[\"omega\"] < 1.0]\n",
    "        return len(negative_sites)\n",
    "    else:\n",
    "        return 0\n",
    "    #end if\n",
    "#end method\n"
   ]
  },
  {
   "cell_type": "code",
   "execution_count": 18,
   "id": "a19d4607",
   "metadata": {},
   "outputs": [],
   "source": [
    "df_dict = {}\n",
    "count = 0\n",
    "\n",
    "for file in JSON_FILES:\n",
    "    json_data = get_JSONData(file)\n",
    "    \n",
    "    basename = os.path.basename(file)\n",
    "    df_dict[count] = {\"Filename\": basename}\n",
    "    # Number of sites\n",
    "    sites = json_data[\"input\"][\"number of sites\"]\n",
    "    # Number of sequences\n",
    "    seqs = json_data[\"input\"][\"number of sequences\"] \n",
    "    \n",
    "    df_dict[count].update({\"N\": seqs,\n",
    "                          \"Num.Codons\": sites})\n",
    "    #omegas and proportions\n",
    "    data = json_data[\"fits\"][\"Unconstrained model\"][\"Rate Distributions\"][\"Test\"]\n",
    "    \n",
    "    w1 = round(data[\"0\"][\"omega\"], 4)\n",
    "    p1 = round(data[\"0\"][\"proportion\"], 4)\n",
    "    \n",
    "    w2 = round(data[\"1\"][\"omega\"], 4)\n",
    "    p2 = round(data[\"1\"][\"proportion\"], 4)\n",
    "    \n",
    "    w3 = round(data[\"2\"][\"omega\"], 4)\n",
    "    p3 = round(data[\"2\"][\"proportion\"], 4)\n",
    "    \n",
    "    df_dict[count].update({\"w1\": w1,\n",
    "                          \"p1\": p1})\n",
    "    df_dict[count].update({\"w2\": w2,\n",
    "                          \"p2\": p2})\n",
    "    df_dict[count].update({\"w3\": w3,\n",
    "                          \"p3\": p3})\n",
    "    \n",
    "    # test results\n",
    "    LRT = round(json_data[\"test results\"][\"LRT\"], 6)\n",
    "    pval = round(json_data[\"test results\"][\"p-value\"], 6)\n",
    "        \n",
    "    df_dict[count].update({\"LRT\": LRT,\n",
    "                          \"pvalue\": pval})\n",
    "    \n",
    "    count += 1\n",
    "\n",
    "#end for"
   ]
  },
  {
   "cell_type": "code",
   "execution_count": 19,
   "id": "31bbb4e5",
   "metadata": {},
   "outputs": [
    {
     "data": {
      "text/html": [
       "<div>\n",
       "<style scoped>\n",
       "    .dataframe tbody tr th:only-of-type {\n",
       "        vertical-align: middle;\n",
       "    }\n",
       "\n",
       "    .dataframe tbody tr th {\n",
       "        vertical-align: top;\n",
       "    }\n",
       "\n",
       "    .dataframe thead th {\n",
       "        text-align: right;\n",
       "    }\n",
       "</style>\n",
       "<table border=\"1\" class=\"dataframe\">\n",
       "  <thead>\n",
       "    <tr style=\"text-align: right;\">\n",
       "      <th></th>\n",
       "      <th>Filename</th>\n",
       "      <th>N</th>\n",
       "      <th>Num.Codons</th>\n",
       "      <th>w1</th>\n",
       "      <th>p1</th>\n",
       "      <th>w2</th>\n",
       "      <th>p2</th>\n",
       "      <th>w3</th>\n",
       "      <th>p3</th>\n",
       "      <th>LRT</th>\n",
       "      <th>pvalue</th>\n",
       "    </tr>\n",
       "  </thead>\n",
       "  <tbody>\n",
       "    <tr>\n",
       "      <th>1</th>\n",
       "      <td>RACCOON_N_BUSTED.json</td>\n",
       "      <td>257</td>\n",
       "      <td>513</td>\n",
       "      <td>0.0017</td>\n",
       "      <td>0.2507</td>\n",
       "      <td>0.0426</td>\n",
       "      <td>0.7465</td>\n",
       "      <td>2.315760e+01</td>\n",
       "      <td>0.0028</td>\n",
       "      <td>67.958123</td>\n",
       "      <td>0.000000</td>\n",
       "    </tr>\n",
       "    <tr>\n",
       "      <th>2</th>\n",
       "      <td>CAT_N_BUSTED.json</td>\n",
       "      <td>114</td>\n",
       "      <td>489</td>\n",
       "      <td>0.0018</td>\n",
       "      <td>0.2512</td>\n",
       "      <td>0.0418</td>\n",
       "      <td>0.7450</td>\n",
       "      <td>4.512200e+00</td>\n",
       "      <td>0.0038</td>\n",
       "      <td>-6.861080</td>\n",
       "      <td>0.500000</td>\n",
       "    </tr>\n",
       "    <tr>\n",
       "      <th>3</th>\n",
       "      <td>BAT_M_BUSTED.json</td>\n",
       "      <td>71</td>\n",
       "      <td>203</td>\n",
       "      <td>0.0161</td>\n",
       "      <td>0.9111</td>\n",
       "      <td>0.3882</td>\n",
       "      <td>0.0889</td>\n",
       "      <td>2.036700e+00</td>\n",
       "      <td>0.0000</td>\n",
       "      <td>0.000000</td>\n",
       "      <td>0.500000</td>\n",
       "    </tr>\n",
       "    <tr>\n",
       "      <th>4</th>\n",
       "      <td>DOG_L_BUSTED.json</td>\n",
       "      <td>384</td>\n",
       "      <td>2423</td>\n",
       "      <td>0.0532</td>\n",
       "      <td>0.9968</td>\n",
       "      <td>0.6152</td>\n",
       "      <td>0.0026</td>\n",
       "      <td>2.257699e+02</td>\n",
       "      <td>0.0006</td>\n",
       "      <td>393.158452</td>\n",
       "      <td>0.000000</td>\n",
       "    </tr>\n",
       "    <tr>\n",
       "      <th>5</th>\n",
       "      <td>CAT_G_BUSTED.json</td>\n",
       "      <td>89</td>\n",
       "      <td>566</td>\n",
       "      <td>0.0016</td>\n",
       "      <td>0.2700</td>\n",
       "      <td>0.1213</td>\n",
       "      <td>0.7299</td>\n",
       "      <td>9.999999e+09</td>\n",
       "      <td>0.0000</td>\n",
       "      <td>11.943826</td>\n",
       "      <td>0.001275</td>\n",
       "    </tr>\n",
       "    <tr>\n",
       "      <th>6</th>\n",
       "      <td>RACCOON_G_BUSTED.json</td>\n",
       "      <td>241</td>\n",
       "      <td>552</td>\n",
       "      <td>0.0037</td>\n",
       "      <td>0.3388</td>\n",
       "      <td>0.0890</td>\n",
       "      <td>0.6533</td>\n",
       "      <td>3.995600e+00</td>\n",
       "      <td>0.0079</td>\n",
       "      <td>6.412205</td>\n",
       "      <td>0.020257</td>\n",
       "    </tr>\n",
       "    <tr>\n",
       "      <th>7</th>\n",
       "      <td>HUMAN_M_BUSTED.json</td>\n",
       "      <td>25</td>\n",
       "      <td>203</td>\n",
       "      <td>0.0387</td>\n",
       "      <td>0.9936</td>\n",
       "      <td>0.0396</td>\n",
       "      <td>0.0057</td>\n",
       "      <td>1.286690e+01</td>\n",
       "      <td>0.0007</td>\n",
       "      <td>2.338299</td>\n",
       "      <td>0.155316</td>\n",
       "    </tr>\n",
       "    <tr>\n",
       "      <th>8</th>\n",
       "      <td>HUMAN_N_BUSTED.json</td>\n",
       "      <td>237</td>\n",
       "      <td>506</td>\n",
       "      <td>0.0012</td>\n",
       "      <td>0.4162</td>\n",
       "      <td>0.0675</td>\n",
       "      <td>0.5829</td>\n",
       "      <td>4.000325e+03</td>\n",
       "      <td>0.0010</td>\n",
       "      <td>227.607236</td>\n",
       "      <td>0.000000</td>\n",
       "    </tr>\n",
       "    <tr>\n",
       "      <th>9</th>\n",
       "      <td>HUMAN_G_BUSTED.json</td>\n",
       "      <td>121</td>\n",
       "      <td>528</td>\n",
       "      <td>0.0010</td>\n",
       "      <td>0.5458</td>\n",
       "      <td>0.1609</td>\n",
       "      <td>0.4542</td>\n",
       "      <td>1.670420e+02</td>\n",
       "      <td>0.0000</td>\n",
       "      <td>3.566339</td>\n",
       "      <td>0.084052</td>\n",
       "    </tr>\n",
       "    <tr>\n",
       "      <th>10</th>\n",
       "      <td>BAT_N_BUSTED.json</td>\n",
       "      <td>957</td>\n",
       "      <td>622</td>\n",
       "      <td>0.0022</td>\n",
       "      <td>0.6456</td>\n",
       "      <td>0.1656</td>\n",
       "      <td>0.3511</td>\n",
       "      <td>2.012690e+01</td>\n",
       "      <td>0.0033</td>\n",
       "      <td>217.683016</td>\n",
       "      <td>0.000000</td>\n",
       "    </tr>\n",
       "    <tr>\n",
       "      <th>11</th>\n",
       "      <td>DOG_P_BUSTED.json</td>\n",
       "      <td>407</td>\n",
       "      <td>348</td>\n",
       "      <td>0.0073</td>\n",
       "      <td>0.3735</td>\n",
       "      <td>0.2179</td>\n",
       "      <td>0.6135</td>\n",
       "      <td>5.453900e+00</td>\n",
       "      <td>0.0129</td>\n",
       "      <td>-1.828716</td>\n",
       "      <td>0.500000</td>\n",
       "    </tr>\n",
       "    <tr>\n",
       "      <th>12</th>\n",
       "      <td>CAT_M_BUSTED.json</td>\n",
       "      <td>15</td>\n",
       "      <td>203</td>\n",
       "      <td>0.0315</td>\n",
       "      <td>0.9642</td>\n",
       "      <td>0.0341</td>\n",
       "      <td>0.0339</td>\n",
       "      <td>2.872000e+00</td>\n",
       "      <td>0.0019</td>\n",
       "      <td>0.211893</td>\n",
       "      <td>0.449736</td>\n",
       "    </tr>\n",
       "    <tr>\n",
       "      <th>13</th>\n",
       "      <td>RACCOON_M_BUSTED.json</td>\n",
       "      <td>131</td>\n",
       "      <td>203</td>\n",
       "      <td>0.0000</td>\n",
       "      <td>0.9417</td>\n",
       "      <td>1.0000</td>\n",
       "      <td>0.0573</td>\n",
       "      <td>1.049085e+02</td>\n",
       "      <td>0.0010</td>\n",
       "      <td>11.232193</td>\n",
       "      <td>0.001819</td>\n",
       "    </tr>\n",
       "    <tr>\n",
       "      <th>14</th>\n",
       "      <td>BAT_G_BUSTED.json</td>\n",
       "      <td>407</td>\n",
       "      <td>575</td>\n",
       "      <td>0.0021</td>\n",
       "      <td>0.3941</td>\n",
       "      <td>0.2115</td>\n",
       "      <td>0.6055</td>\n",
       "      <td>2.506930e+01</td>\n",
       "      <td>0.0004</td>\n",
       "      <td>-0.200752</td>\n",
       "      <td>0.500000</td>\n",
       "    </tr>\n",
       "    <tr>\n",
       "      <th>15</th>\n",
       "      <td>HUMAN_L_BUSTED.json</td>\n",
       "      <td>30</td>\n",
       "      <td>2129</td>\n",
       "      <td>0.0177</td>\n",
       "      <td>0.9957</td>\n",
       "      <td>1.0000</td>\n",
       "      <td>0.0041</td>\n",
       "      <td>1.083519e+03</td>\n",
       "      <td>0.0002</td>\n",
       "      <td>37.053547</td>\n",
       "      <td>0.000000</td>\n",
       "    </tr>\n",
       "    <tr>\n",
       "      <th>16</th>\n",
       "      <td>DOG_M_BUSTED.json</td>\n",
       "      <td>232</td>\n",
       "      <td>227</td>\n",
       "      <td>0.0042</td>\n",
       "      <td>0.3841</td>\n",
       "      <td>0.0510</td>\n",
       "      <td>0.6035</td>\n",
       "      <td>5.200600e+00</td>\n",
       "      <td>0.0124</td>\n",
       "      <td>7.207337</td>\n",
       "      <td>0.013612</td>\n",
       "    </tr>\n",
       "    <tr>\n",
       "      <th>17</th>\n",
       "      <td>BAT_L_BUSTED.json</td>\n",
       "      <td>125</td>\n",
       "      <td>2129</td>\n",
       "      <td>0.0099</td>\n",
       "      <td>0.9192</td>\n",
       "      <td>0.4364</td>\n",
       "      <td>0.0808</td>\n",
       "      <td>9.998990e+03</td>\n",
       "      <td>0.0000</td>\n",
       "      <td>47.353138</td>\n",
       "      <td>0.000000</td>\n",
       "    </tr>\n",
       "    <tr>\n",
       "      <th>18</th>\n",
       "      <td>CAT_P_BUSTED.json</td>\n",
       "      <td>27</td>\n",
       "      <td>341</td>\n",
       "      <td>0.0009</td>\n",
       "      <td>0.1579</td>\n",
       "      <td>0.1702</td>\n",
       "      <td>0.8365</td>\n",
       "      <td>1.643140e+01</td>\n",
       "      <td>0.0057</td>\n",
       "      <td>13.831872</td>\n",
       "      <td>0.000496</td>\n",
       "    </tr>\n",
       "    <tr>\n",
       "      <th>19</th>\n",
       "      <td>RACCOON_P_BUSTED.json</td>\n",
       "      <td>158</td>\n",
       "      <td>302</td>\n",
       "      <td>0.0000</td>\n",
       "      <td>0.4979</td>\n",
       "      <td>0.1223</td>\n",
       "      <td>0.4098</td>\n",
       "      <td>1.000000e+00</td>\n",
       "      <td>0.0923</td>\n",
       "      <td>0.000000</td>\n",
       "      <td>0.500000</td>\n",
       "    </tr>\n",
       "    <tr>\n",
       "      <th>20</th>\n",
       "      <td>DOG_G_BUSTED.json</td>\n",
       "      <td>1421</td>\n",
       "      <td>661</td>\n",
       "      <td>0.0015</td>\n",
       "      <td>0.5225</td>\n",
       "      <td>0.2374</td>\n",
       "      <td>0.4739</td>\n",
       "      <td>3.968170e+01</td>\n",
       "      <td>0.0036</td>\n",
       "      <td>506.418717</td>\n",
       "      <td>0.000000</td>\n",
       "    </tr>\n",
       "    <tr>\n",
       "      <th>21</th>\n",
       "      <td>RACCOON_L_BUSTED.json</td>\n",
       "      <td>142</td>\n",
       "      <td>2129</td>\n",
       "      <td>0.0000</td>\n",
       "      <td>0.5067</td>\n",
       "      <td>0.0435</td>\n",
       "      <td>0.4889</td>\n",
       "      <td>3.366600e+00</td>\n",
       "      <td>0.0044</td>\n",
       "      <td>3.649756</td>\n",
       "      <td>0.080619</td>\n",
       "    </tr>\n",
       "    <tr>\n",
       "      <th>22</th>\n",
       "      <td>CAT_L_BUSTED.json</td>\n",
       "      <td>17</td>\n",
       "      <td>2129</td>\n",
       "      <td>0.0194</td>\n",
       "      <td>0.9968</td>\n",
       "      <td>0.0452</td>\n",
       "      <td>0.0012</td>\n",
       "      <td>1.364400e+00</td>\n",
       "      <td>0.0019</td>\n",
       "      <td>0.091695</td>\n",
       "      <td>0.477594</td>\n",
       "    </tr>\n",
       "    <tr>\n",
       "      <th>23</th>\n",
       "      <td>BAT_P_BUSTED.json</td>\n",
       "      <td>261</td>\n",
       "      <td>310</td>\n",
       "      <td>0.0244</td>\n",
       "      <td>0.6244</td>\n",
       "      <td>0.3762</td>\n",
       "      <td>0.3746</td>\n",
       "      <td>6.347340e+01</td>\n",
       "      <td>0.0010</td>\n",
       "      <td>28.341846</td>\n",
       "      <td>0.000000</td>\n",
       "    </tr>\n",
       "    <tr>\n",
       "      <th>24</th>\n",
       "      <td>DOG_N_BUSTED.json</td>\n",
       "      <td>1913</td>\n",
       "      <td>1024</td>\n",
       "      <td>0.0074</td>\n",
       "      <td>0.7336</td>\n",
       "      <td>0.7269</td>\n",
       "      <td>0.2647</td>\n",
       "      <td>7.566140e+01</td>\n",
       "      <td>0.0017</td>\n",
       "      <td>471.540961</td>\n",
       "      <td>0.000000</td>\n",
       "    </tr>\n",
       "    <tr>\n",
       "      <th>25</th>\n",
       "      <td>HUMAN_P_BUSTED.json</td>\n",
       "      <td>29</td>\n",
       "      <td>317</td>\n",
       "      <td>0.0047</td>\n",
       "      <td>0.3097</td>\n",
       "      <td>0.1006</td>\n",
       "      <td>0.6745</td>\n",
       "      <td>1.492800e+00</td>\n",
       "      <td>0.0158</td>\n",
       "      <td>-0.348805</td>\n",
       "      <td>0.500000</td>\n",
       "    </tr>\n",
       "  </tbody>\n",
       "</table>\n",
       "</div>"
      ],
      "text/plain": [
       "                 Filename     N  Num.Codons      w1      p1      w2      p2  \\\n",
       "1   RACCOON_N_BUSTED.json   257         513  0.0017  0.2507  0.0426  0.7465   \n",
       "2       CAT_N_BUSTED.json   114         489  0.0018  0.2512  0.0418  0.7450   \n",
       "3       BAT_M_BUSTED.json    71         203  0.0161  0.9111  0.3882  0.0889   \n",
       "4       DOG_L_BUSTED.json   384        2423  0.0532  0.9968  0.6152  0.0026   \n",
       "5       CAT_G_BUSTED.json    89         566  0.0016  0.2700  0.1213  0.7299   \n",
       "6   RACCOON_G_BUSTED.json   241         552  0.0037  0.3388  0.0890  0.6533   \n",
       "7     HUMAN_M_BUSTED.json    25         203  0.0387  0.9936  0.0396  0.0057   \n",
       "8     HUMAN_N_BUSTED.json   237         506  0.0012  0.4162  0.0675  0.5829   \n",
       "9     HUMAN_G_BUSTED.json   121         528  0.0010  0.5458  0.1609  0.4542   \n",
       "10      BAT_N_BUSTED.json   957         622  0.0022  0.6456  0.1656  0.3511   \n",
       "11      DOG_P_BUSTED.json   407         348  0.0073  0.3735  0.2179  0.6135   \n",
       "12      CAT_M_BUSTED.json    15         203  0.0315  0.9642  0.0341  0.0339   \n",
       "13  RACCOON_M_BUSTED.json   131         203  0.0000  0.9417  1.0000  0.0573   \n",
       "14      BAT_G_BUSTED.json   407         575  0.0021  0.3941  0.2115  0.6055   \n",
       "15    HUMAN_L_BUSTED.json    30        2129  0.0177  0.9957  1.0000  0.0041   \n",
       "16      DOG_M_BUSTED.json   232         227  0.0042  0.3841  0.0510  0.6035   \n",
       "17      BAT_L_BUSTED.json   125        2129  0.0099  0.9192  0.4364  0.0808   \n",
       "18      CAT_P_BUSTED.json    27         341  0.0009  0.1579  0.1702  0.8365   \n",
       "19  RACCOON_P_BUSTED.json   158         302  0.0000  0.4979  0.1223  0.4098   \n",
       "20      DOG_G_BUSTED.json  1421         661  0.0015  0.5225  0.2374  0.4739   \n",
       "21  RACCOON_L_BUSTED.json   142        2129  0.0000  0.5067  0.0435  0.4889   \n",
       "22      CAT_L_BUSTED.json    17        2129  0.0194  0.9968  0.0452  0.0012   \n",
       "23      BAT_P_BUSTED.json   261         310  0.0244  0.6244  0.3762  0.3746   \n",
       "24      DOG_N_BUSTED.json  1913        1024  0.0074  0.7336  0.7269  0.2647   \n",
       "25    HUMAN_P_BUSTED.json    29         317  0.0047  0.3097  0.1006  0.6745   \n",
       "\n",
       "              w3      p3         LRT    pvalue  \n",
       "1   2.315760e+01  0.0028   67.958123  0.000000  \n",
       "2   4.512200e+00  0.0038   -6.861080  0.500000  \n",
       "3   2.036700e+00  0.0000    0.000000  0.500000  \n",
       "4   2.257699e+02  0.0006  393.158452  0.000000  \n",
       "5   9.999999e+09  0.0000   11.943826  0.001275  \n",
       "6   3.995600e+00  0.0079    6.412205  0.020257  \n",
       "7   1.286690e+01  0.0007    2.338299  0.155316  \n",
       "8   4.000325e+03  0.0010  227.607236  0.000000  \n",
       "9   1.670420e+02  0.0000    3.566339  0.084052  \n",
       "10  2.012690e+01  0.0033  217.683016  0.000000  \n",
       "11  5.453900e+00  0.0129   -1.828716  0.500000  \n",
       "12  2.872000e+00  0.0019    0.211893  0.449736  \n",
       "13  1.049085e+02  0.0010   11.232193  0.001819  \n",
       "14  2.506930e+01  0.0004   -0.200752  0.500000  \n",
       "15  1.083519e+03  0.0002   37.053547  0.000000  \n",
       "16  5.200600e+00  0.0124    7.207337  0.013612  \n",
       "17  9.998990e+03  0.0000   47.353138  0.000000  \n",
       "18  1.643140e+01  0.0057   13.831872  0.000496  \n",
       "19  1.000000e+00  0.0923    0.000000  0.500000  \n",
       "20  3.968170e+01  0.0036  506.418717  0.000000  \n",
       "21  3.366600e+00  0.0044    3.649756  0.080619  \n",
       "22  1.364400e+00  0.0019    0.091695  0.477594  \n",
       "23  6.347340e+01  0.0010   28.341846  0.000000  \n",
       "24  7.566140e+01  0.0017  471.540961  0.000000  \n",
       "25  1.492800e+00  0.0158   -0.348805  0.500000  "
      ]
     },
     "execution_count": 19,
     "metadata": {},
     "output_type": "execute_result"
    }
   ],
   "source": [
    "df = pd.DataFrame.from_dict(df_dict, orient=\"index\")\n",
    "df.index += 1\n",
    "\n",
    "df"
   ]
  },
  {
   "cell_type": "code",
   "execution_count": 20,
   "id": "2f50bbbc",
   "metadata": {},
   "outputs": [
    {
     "data": {
      "text/html": [
       "<div>\n",
       "<style scoped>\n",
       "    .dataframe tbody tr th:only-of-type {\n",
       "        vertical-align: middle;\n",
       "    }\n",
       "\n",
       "    .dataframe tbody tr th {\n",
       "        vertical-align: top;\n",
       "    }\n",
       "\n",
       "    .dataframe thead th {\n",
       "        text-align: right;\n",
       "    }\n",
       "</style>\n",
       "<table border=\"1\" class=\"dataframe\">\n",
       "  <thead>\n",
       "    <tr style=\"text-align: right;\">\n",
       "      <th></th>\n",
       "      <th>Filename</th>\n",
       "      <th>N</th>\n",
       "      <th>Num.Codons</th>\n",
       "      <th>w1</th>\n",
       "      <th>p1</th>\n",
       "      <th>w2</th>\n",
       "      <th>p2</th>\n",
       "      <th>w3</th>\n",
       "      <th>p3</th>\n",
       "      <th>LRT</th>\n",
       "      <th>pvalue</th>\n",
       "    </tr>\n",
       "  </thead>\n",
       "  <tbody>\n",
       "    <tr>\n",
       "      <th>1</th>\n",
       "      <td>BAT_G_BUSTED.json</td>\n",
       "      <td>407</td>\n",
       "      <td>575</td>\n",
       "      <td>0.0021</td>\n",
       "      <td>0.3941</td>\n",
       "      <td>0.2115</td>\n",
       "      <td>0.6055</td>\n",
       "      <td>2.506930e+01</td>\n",
       "      <td>0.0004</td>\n",
       "      <td>-0.200752</td>\n",
       "      <td>0.500000</td>\n",
       "    </tr>\n",
       "    <tr>\n",
       "      <th>2</th>\n",
       "      <td>BAT_L_BUSTED.json</td>\n",
       "      <td>125</td>\n",
       "      <td>2129</td>\n",
       "      <td>0.0099</td>\n",
       "      <td>0.9192</td>\n",
       "      <td>0.4364</td>\n",
       "      <td>0.0808</td>\n",
       "      <td>9.998990e+03</td>\n",
       "      <td>0.0000</td>\n",
       "      <td>47.353138</td>\n",
       "      <td>0.000000</td>\n",
       "    </tr>\n",
       "    <tr>\n",
       "      <th>3</th>\n",
       "      <td>BAT_M_BUSTED.json</td>\n",
       "      <td>71</td>\n",
       "      <td>203</td>\n",
       "      <td>0.0161</td>\n",
       "      <td>0.9111</td>\n",
       "      <td>0.3882</td>\n",
       "      <td>0.0889</td>\n",
       "      <td>2.036700e+00</td>\n",
       "      <td>0.0000</td>\n",
       "      <td>0.000000</td>\n",
       "      <td>0.500000</td>\n",
       "    </tr>\n",
       "    <tr>\n",
       "      <th>4</th>\n",
       "      <td>BAT_N_BUSTED.json</td>\n",
       "      <td>957</td>\n",
       "      <td>622</td>\n",
       "      <td>0.0022</td>\n",
       "      <td>0.6456</td>\n",
       "      <td>0.1656</td>\n",
       "      <td>0.3511</td>\n",
       "      <td>2.012690e+01</td>\n",
       "      <td>0.0033</td>\n",
       "      <td>217.683016</td>\n",
       "      <td>0.000000</td>\n",
       "    </tr>\n",
       "    <tr>\n",
       "      <th>5</th>\n",
       "      <td>BAT_P_BUSTED.json</td>\n",
       "      <td>261</td>\n",
       "      <td>310</td>\n",
       "      <td>0.0244</td>\n",
       "      <td>0.6244</td>\n",
       "      <td>0.3762</td>\n",
       "      <td>0.3746</td>\n",
       "      <td>6.347340e+01</td>\n",
       "      <td>0.0010</td>\n",
       "      <td>28.341846</td>\n",
       "      <td>0.000000</td>\n",
       "    </tr>\n",
       "    <tr>\n",
       "      <th>6</th>\n",
       "      <td>CAT_G_BUSTED.json</td>\n",
       "      <td>89</td>\n",
       "      <td>566</td>\n",
       "      <td>0.0016</td>\n",
       "      <td>0.2700</td>\n",
       "      <td>0.1213</td>\n",
       "      <td>0.7299</td>\n",
       "      <td>9.999999e+09</td>\n",
       "      <td>0.0000</td>\n",
       "      <td>11.943826</td>\n",
       "      <td>0.001275</td>\n",
       "    </tr>\n",
       "    <tr>\n",
       "      <th>7</th>\n",
       "      <td>CAT_L_BUSTED.json</td>\n",
       "      <td>17</td>\n",
       "      <td>2129</td>\n",
       "      <td>0.0194</td>\n",
       "      <td>0.9968</td>\n",
       "      <td>0.0452</td>\n",
       "      <td>0.0012</td>\n",
       "      <td>1.364400e+00</td>\n",
       "      <td>0.0019</td>\n",
       "      <td>0.091695</td>\n",
       "      <td>0.477594</td>\n",
       "    </tr>\n",
       "    <tr>\n",
       "      <th>8</th>\n",
       "      <td>CAT_M_BUSTED.json</td>\n",
       "      <td>15</td>\n",
       "      <td>203</td>\n",
       "      <td>0.0315</td>\n",
       "      <td>0.9642</td>\n",
       "      <td>0.0341</td>\n",
       "      <td>0.0339</td>\n",
       "      <td>2.872000e+00</td>\n",
       "      <td>0.0019</td>\n",
       "      <td>0.211893</td>\n",
       "      <td>0.449736</td>\n",
       "    </tr>\n",
       "    <tr>\n",
       "      <th>9</th>\n",
       "      <td>CAT_N_BUSTED.json</td>\n",
       "      <td>114</td>\n",
       "      <td>489</td>\n",
       "      <td>0.0018</td>\n",
       "      <td>0.2512</td>\n",
       "      <td>0.0418</td>\n",
       "      <td>0.7450</td>\n",
       "      <td>4.512200e+00</td>\n",
       "      <td>0.0038</td>\n",
       "      <td>-6.861080</td>\n",
       "      <td>0.500000</td>\n",
       "    </tr>\n",
       "    <tr>\n",
       "      <th>10</th>\n",
       "      <td>CAT_P_BUSTED.json</td>\n",
       "      <td>27</td>\n",
       "      <td>341</td>\n",
       "      <td>0.0009</td>\n",
       "      <td>0.1579</td>\n",
       "      <td>0.1702</td>\n",
       "      <td>0.8365</td>\n",
       "      <td>1.643140e+01</td>\n",
       "      <td>0.0057</td>\n",
       "      <td>13.831872</td>\n",
       "      <td>0.000496</td>\n",
       "    </tr>\n",
       "    <tr>\n",
       "      <th>11</th>\n",
       "      <td>DOG_G_BUSTED.json</td>\n",
       "      <td>1421</td>\n",
       "      <td>661</td>\n",
       "      <td>0.0015</td>\n",
       "      <td>0.5225</td>\n",
       "      <td>0.2374</td>\n",
       "      <td>0.4739</td>\n",
       "      <td>3.968170e+01</td>\n",
       "      <td>0.0036</td>\n",
       "      <td>506.418717</td>\n",
       "      <td>0.000000</td>\n",
       "    </tr>\n",
       "    <tr>\n",
       "      <th>12</th>\n",
       "      <td>DOG_L_BUSTED.json</td>\n",
       "      <td>384</td>\n",
       "      <td>2423</td>\n",
       "      <td>0.0532</td>\n",
       "      <td>0.9968</td>\n",
       "      <td>0.6152</td>\n",
       "      <td>0.0026</td>\n",
       "      <td>2.257699e+02</td>\n",
       "      <td>0.0006</td>\n",
       "      <td>393.158452</td>\n",
       "      <td>0.000000</td>\n",
       "    </tr>\n",
       "    <tr>\n",
       "      <th>13</th>\n",
       "      <td>DOG_M_BUSTED.json</td>\n",
       "      <td>232</td>\n",
       "      <td>227</td>\n",
       "      <td>0.0042</td>\n",
       "      <td>0.3841</td>\n",
       "      <td>0.0510</td>\n",
       "      <td>0.6035</td>\n",
       "      <td>5.200600e+00</td>\n",
       "      <td>0.0124</td>\n",
       "      <td>7.207337</td>\n",
       "      <td>0.013612</td>\n",
       "    </tr>\n",
       "    <tr>\n",
       "      <th>14</th>\n",
       "      <td>DOG_N_BUSTED.json</td>\n",
       "      <td>1913</td>\n",
       "      <td>1024</td>\n",
       "      <td>0.0074</td>\n",
       "      <td>0.7336</td>\n",
       "      <td>0.7269</td>\n",
       "      <td>0.2647</td>\n",
       "      <td>7.566140e+01</td>\n",
       "      <td>0.0017</td>\n",
       "      <td>471.540961</td>\n",
       "      <td>0.000000</td>\n",
       "    </tr>\n",
       "    <tr>\n",
       "      <th>15</th>\n",
       "      <td>DOG_P_BUSTED.json</td>\n",
       "      <td>407</td>\n",
       "      <td>348</td>\n",
       "      <td>0.0073</td>\n",
       "      <td>0.3735</td>\n",
       "      <td>0.2179</td>\n",
       "      <td>0.6135</td>\n",
       "      <td>5.453900e+00</td>\n",
       "      <td>0.0129</td>\n",
       "      <td>-1.828716</td>\n",
       "      <td>0.500000</td>\n",
       "    </tr>\n",
       "    <tr>\n",
       "      <th>16</th>\n",
       "      <td>HUMAN_G_BUSTED.json</td>\n",
       "      <td>121</td>\n",
       "      <td>528</td>\n",
       "      <td>0.0010</td>\n",
       "      <td>0.5458</td>\n",
       "      <td>0.1609</td>\n",
       "      <td>0.4542</td>\n",
       "      <td>1.670420e+02</td>\n",
       "      <td>0.0000</td>\n",
       "      <td>3.566339</td>\n",
       "      <td>0.084052</td>\n",
       "    </tr>\n",
       "    <tr>\n",
       "      <th>17</th>\n",
       "      <td>HUMAN_L_BUSTED.json</td>\n",
       "      <td>30</td>\n",
       "      <td>2129</td>\n",
       "      <td>0.0177</td>\n",
       "      <td>0.9957</td>\n",
       "      <td>1.0000</td>\n",
       "      <td>0.0041</td>\n",
       "      <td>1.083519e+03</td>\n",
       "      <td>0.0002</td>\n",
       "      <td>37.053547</td>\n",
       "      <td>0.000000</td>\n",
       "    </tr>\n",
       "    <tr>\n",
       "      <th>18</th>\n",
       "      <td>HUMAN_M_BUSTED.json</td>\n",
       "      <td>25</td>\n",
       "      <td>203</td>\n",
       "      <td>0.0387</td>\n",
       "      <td>0.9936</td>\n",
       "      <td>0.0396</td>\n",
       "      <td>0.0057</td>\n",
       "      <td>1.286690e+01</td>\n",
       "      <td>0.0007</td>\n",
       "      <td>2.338299</td>\n",
       "      <td>0.155316</td>\n",
       "    </tr>\n",
       "    <tr>\n",
       "      <th>19</th>\n",
       "      <td>HUMAN_N_BUSTED.json</td>\n",
       "      <td>237</td>\n",
       "      <td>506</td>\n",
       "      <td>0.0012</td>\n",
       "      <td>0.4162</td>\n",
       "      <td>0.0675</td>\n",
       "      <td>0.5829</td>\n",
       "      <td>4.000325e+03</td>\n",
       "      <td>0.0010</td>\n",
       "      <td>227.607236</td>\n",
       "      <td>0.000000</td>\n",
       "    </tr>\n",
       "    <tr>\n",
       "      <th>20</th>\n",
       "      <td>HUMAN_P_BUSTED.json</td>\n",
       "      <td>29</td>\n",
       "      <td>317</td>\n",
       "      <td>0.0047</td>\n",
       "      <td>0.3097</td>\n",
       "      <td>0.1006</td>\n",
       "      <td>0.6745</td>\n",
       "      <td>1.492800e+00</td>\n",
       "      <td>0.0158</td>\n",
       "      <td>-0.348805</td>\n",
       "      <td>0.500000</td>\n",
       "    </tr>\n",
       "    <tr>\n",
       "      <th>21</th>\n",
       "      <td>RACCOON_G_BUSTED.json</td>\n",
       "      <td>241</td>\n",
       "      <td>552</td>\n",
       "      <td>0.0037</td>\n",
       "      <td>0.3388</td>\n",
       "      <td>0.0890</td>\n",
       "      <td>0.6533</td>\n",
       "      <td>3.995600e+00</td>\n",
       "      <td>0.0079</td>\n",
       "      <td>6.412205</td>\n",
       "      <td>0.020257</td>\n",
       "    </tr>\n",
       "    <tr>\n",
       "      <th>22</th>\n",
       "      <td>RACCOON_L_BUSTED.json</td>\n",
       "      <td>142</td>\n",
       "      <td>2129</td>\n",
       "      <td>0.0000</td>\n",
       "      <td>0.5067</td>\n",
       "      <td>0.0435</td>\n",
       "      <td>0.4889</td>\n",
       "      <td>3.366600e+00</td>\n",
       "      <td>0.0044</td>\n",
       "      <td>3.649756</td>\n",
       "      <td>0.080619</td>\n",
       "    </tr>\n",
       "    <tr>\n",
       "      <th>23</th>\n",
       "      <td>RACCOON_M_BUSTED.json</td>\n",
       "      <td>131</td>\n",
       "      <td>203</td>\n",
       "      <td>0.0000</td>\n",
       "      <td>0.9417</td>\n",
       "      <td>1.0000</td>\n",
       "      <td>0.0573</td>\n",
       "      <td>1.049085e+02</td>\n",
       "      <td>0.0010</td>\n",
       "      <td>11.232193</td>\n",
       "      <td>0.001819</td>\n",
       "    </tr>\n",
       "    <tr>\n",
       "      <th>24</th>\n",
       "      <td>RACCOON_N_BUSTED.json</td>\n",
       "      <td>257</td>\n",
       "      <td>513</td>\n",
       "      <td>0.0017</td>\n",
       "      <td>0.2507</td>\n",
       "      <td>0.0426</td>\n",
       "      <td>0.7465</td>\n",
       "      <td>2.315760e+01</td>\n",
       "      <td>0.0028</td>\n",
       "      <td>67.958123</td>\n",
       "      <td>0.000000</td>\n",
       "    </tr>\n",
       "    <tr>\n",
       "      <th>25</th>\n",
       "      <td>RACCOON_P_BUSTED.json</td>\n",
       "      <td>158</td>\n",
       "      <td>302</td>\n",
       "      <td>0.0000</td>\n",
       "      <td>0.4979</td>\n",
       "      <td>0.1223</td>\n",
       "      <td>0.4098</td>\n",
       "      <td>1.000000e+00</td>\n",
       "      <td>0.0923</td>\n",
       "      <td>0.000000</td>\n",
       "      <td>0.500000</td>\n",
       "    </tr>\n",
       "  </tbody>\n",
       "</table>\n",
       "</div>"
      ],
      "text/plain": [
       "                 Filename     N  Num.Codons      w1      p1      w2      p2  \\\n",
       "1       BAT_G_BUSTED.json   407         575  0.0021  0.3941  0.2115  0.6055   \n",
       "2       BAT_L_BUSTED.json   125        2129  0.0099  0.9192  0.4364  0.0808   \n",
       "3       BAT_M_BUSTED.json    71         203  0.0161  0.9111  0.3882  0.0889   \n",
       "4       BAT_N_BUSTED.json   957         622  0.0022  0.6456  0.1656  0.3511   \n",
       "5       BAT_P_BUSTED.json   261         310  0.0244  0.6244  0.3762  0.3746   \n",
       "6       CAT_G_BUSTED.json    89         566  0.0016  0.2700  0.1213  0.7299   \n",
       "7       CAT_L_BUSTED.json    17        2129  0.0194  0.9968  0.0452  0.0012   \n",
       "8       CAT_M_BUSTED.json    15         203  0.0315  0.9642  0.0341  0.0339   \n",
       "9       CAT_N_BUSTED.json   114         489  0.0018  0.2512  0.0418  0.7450   \n",
       "10      CAT_P_BUSTED.json    27         341  0.0009  0.1579  0.1702  0.8365   \n",
       "11      DOG_G_BUSTED.json  1421         661  0.0015  0.5225  0.2374  0.4739   \n",
       "12      DOG_L_BUSTED.json   384        2423  0.0532  0.9968  0.6152  0.0026   \n",
       "13      DOG_M_BUSTED.json   232         227  0.0042  0.3841  0.0510  0.6035   \n",
       "14      DOG_N_BUSTED.json  1913        1024  0.0074  0.7336  0.7269  0.2647   \n",
       "15      DOG_P_BUSTED.json   407         348  0.0073  0.3735  0.2179  0.6135   \n",
       "16    HUMAN_G_BUSTED.json   121         528  0.0010  0.5458  0.1609  0.4542   \n",
       "17    HUMAN_L_BUSTED.json    30        2129  0.0177  0.9957  1.0000  0.0041   \n",
       "18    HUMAN_M_BUSTED.json    25         203  0.0387  0.9936  0.0396  0.0057   \n",
       "19    HUMAN_N_BUSTED.json   237         506  0.0012  0.4162  0.0675  0.5829   \n",
       "20    HUMAN_P_BUSTED.json    29         317  0.0047  0.3097  0.1006  0.6745   \n",
       "21  RACCOON_G_BUSTED.json   241         552  0.0037  0.3388  0.0890  0.6533   \n",
       "22  RACCOON_L_BUSTED.json   142        2129  0.0000  0.5067  0.0435  0.4889   \n",
       "23  RACCOON_M_BUSTED.json   131         203  0.0000  0.9417  1.0000  0.0573   \n",
       "24  RACCOON_N_BUSTED.json   257         513  0.0017  0.2507  0.0426  0.7465   \n",
       "25  RACCOON_P_BUSTED.json   158         302  0.0000  0.4979  0.1223  0.4098   \n",
       "\n",
       "              w3      p3         LRT    pvalue  \n",
       "1   2.506930e+01  0.0004   -0.200752  0.500000  \n",
       "2   9.998990e+03  0.0000   47.353138  0.000000  \n",
       "3   2.036700e+00  0.0000    0.000000  0.500000  \n",
       "4   2.012690e+01  0.0033  217.683016  0.000000  \n",
       "5   6.347340e+01  0.0010   28.341846  0.000000  \n",
       "6   9.999999e+09  0.0000   11.943826  0.001275  \n",
       "7   1.364400e+00  0.0019    0.091695  0.477594  \n",
       "8   2.872000e+00  0.0019    0.211893  0.449736  \n",
       "9   4.512200e+00  0.0038   -6.861080  0.500000  \n",
       "10  1.643140e+01  0.0057   13.831872  0.000496  \n",
       "11  3.968170e+01  0.0036  506.418717  0.000000  \n",
       "12  2.257699e+02  0.0006  393.158452  0.000000  \n",
       "13  5.200600e+00  0.0124    7.207337  0.013612  \n",
       "14  7.566140e+01  0.0017  471.540961  0.000000  \n",
       "15  5.453900e+00  0.0129   -1.828716  0.500000  \n",
       "16  1.670420e+02  0.0000    3.566339  0.084052  \n",
       "17  1.083519e+03  0.0002   37.053547  0.000000  \n",
       "18  1.286690e+01  0.0007    2.338299  0.155316  \n",
       "19  4.000325e+03  0.0010  227.607236  0.000000  \n",
       "20  1.492800e+00  0.0158   -0.348805  0.500000  \n",
       "21  3.995600e+00  0.0079    6.412205  0.020257  \n",
       "22  3.366600e+00  0.0044    3.649756  0.080619  \n",
       "23  1.049085e+02  0.0010   11.232193  0.001819  \n",
       "24  2.315760e+01  0.0028   67.958123  0.000000  \n",
       "25  1.000000e+00  0.0923    0.000000  0.500000  "
      ]
     },
     "execution_count": 20,
     "metadata": {},
     "output_type": "execute_result"
    }
   ],
   "source": [
    "df = df.sort_values(by=['Filename'])\n",
    "df = df.reset_index()\n",
    "#df.drop('index', axis=1, inplace=True)\n",
    "df.index += 1\n",
    "df.drop('index', axis=1, inplace=True)\n",
    "df"
   ]
  },
  {
   "cell_type": "code",
   "execution_count": 21,
   "id": "433a7978",
   "metadata": {},
   "outputs": [
    {
     "name": "stdout",
     "output_type": "stream",
     "text": [
      "|    | Filename              |    N |   Num.Codons |     w1 |     p1 |     w2 |     p2 |        w3 |     p3 |        LRT |   pvalue |\n",
      "|---:|:----------------------|-----:|-------------:|-------:|-------:|-------:|-------:|----------:|-------:|-----------:|---------:|\n",
      "|  1 | BAT_G_BUSTED.json     |  407 |          575 | 0.0021 | 0.3941 | 0.2115 | 0.6055 |   25.0693 | 0.0004 |  -0.200752 | 0.5      |\n",
      "|  2 | BAT_L_BUSTED.json     |  125 |         2129 | 0.0099 | 0.9192 | 0.4364 | 0.0808 | 9998.99   | 0      |  47.3531   | 0        |\n",
      "|  3 | BAT_M_BUSTED.json     |   71 |          203 | 0.0161 | 0.9111 | 0.3882 | 0.0889 |    2.0367 | 0      |   0        | 0.5      |\n",
      "|  4 | BAT_N_BUSTED.json     |  957 |          622 | 0.0022 | 0.6456 | 0.1656 | 0.3511 |   20.1269 | 0.0033 | 217.683    | 0        |\n",
      "|  5 | BAT_P_BUSTED.json     |  261 |          310 | 0.0244 | 0.6244 | 0.3762 | 0.3746 |   63.4734 | 0.001  |  28.3418   | 0        |\n",
      "|  6 | CAT_G_BUSTED.json     |   89 |          566 | 0.0016 | 0.27   | 0.1213 | 0.7299 |    1e+10  | 0      |  11.9438   | 0.001275 |\n",
